-2.957693 9.58
3.1394973 9.83
-2.9457672 8.95
-3.0363533 9.60
-3.1139507 9.81
2.8429255 9.52
2.739157 8.42
-2.7025688 8.29
-2.9569256 9.61
-2.3299448 4.44
-2.290729 3.89
-2.1852083 5.34
-2.0838442 3.48
-2.1173055 4.27
-2.367034 4.17
-2.26116 4.94
-2.1994104 5.39
-2.0674884 3.39
-2.2472103 4.53
-2.1603308 4.96
-2.2288706 5.23
-2.211419 3.67
-2.1488898 4.53
-2.5300267 7.91
-2.2191129 6.97
-2.5567927 8.77
-3.1309986 9.29
-3.1329808 9.49
-2.9534564 9.45
2.9337103 9.03
-2.2813792 6.72
-2.1001348 3.27
-2.2174575 4.50
-2.9137785 8.99
-2.9752426 8.87
-2.99995 8.73
-2.2783263 3.59
-1.9952104 2.60
-2.5957613 6.73
-2.1738229 3.80
-2.921446 8.67
-2.4938436 6.67
2.771248 6.80
3.0342178 9.00
-3.0380108 9.91
-3.0608916 9.12
2.4044995 6.75
-2.5327716 7.52
-2.9902864 9.84
2.9975781 9.64
0.012601867 7.42
-2.4551098 6.96
2.9621468 6.55
-2.3547227 6.80
3.105417 9.79
-2.354145 5.60
-1.995045 3.01
-1.988081 2.33
-2.2416914 5.74
-2.543782 6.76
-2.1092134 2.49
-2.2893734 6.29
-2.0688229 4.17
-2.1957223 3.74
-2.9980254 9.59
-2.079896 1.21
-2.076093 3.33
-2.7496035 7.05
-2.4856558 5.64
-2.4984403 5.98
-2.195058 3.26
-2.5081806 6.87
-2.4825132 6.86
2.835938 9.70
2.6155903 6.23
3.079451 9.73
2.7051036 8.35
-2.921432 9.60
-2.316483 4.75
-2.4379842 7.03
-2.6004612 8.90
-2.2010574 4.51
-2.899394 8.00
-2.2232077 3.00
-0.1211741 7.06
-2.1466193 5.59
-2.0861979 4.42
-2.1348205 3.86
-2.194874 2.88
-2.276451 6.20
-2.1531317 3.28
-2.1513374 3.63
-2.187208 5.20
-2.175682 4.06
-2.1697571 4.50
-2.5780182 7.82
-2.2869048 6.05
-2.969931 7.25
-2.3612473 6.44
-2.6726706 5.71
2.71905 6.30
-2.1207254 4.60
-2.6106076 7.81
-3.106881 9.10
-2.7296875 8.80
-2.8381522 9.04
-2.2138221 3.70
-2.185284 5.84
-2.606266 8.04
3.0929716 9.35
-2.066977 1.04
-2.1944337 4.18
-2.229162 6.00
-2.2371664 5.40
-2.1898525 4.34
-2.240401 4.96
-2.1620333 4.24
-2.1357517 4.60
-2.1424327 5.69
-2.2145834 4.58
-2.1283233 6.19
-2.80285 7.35
-2.883196 8.95
